  1.4051342e+001	
  1.4018733e+001	
  1.3918541e+001	
  1.4036048e+001	
  1.4033746e+001	
  1.3985280e+001	
  1.4682174e+001	
  1.5484997e+001	
  1.4809388e+001	
  1.4514746e+001	
  1.4220123e+001	
  1.3900747e+001	
  1.4441142e+001	
  1.4060175e+001	
  1.4499899e+001	
  1.4164340e+001	
  1.4917320e+001	
  1.4031156e+001	
  1.3997122e+001	
  1.3918974e+001	
  1.7037566e+001	
  1.7628024e+001	
  1.6796866e+001	
  1.7815237e+001	
  1.6724140e+001	
  1.7002954e+001	
  1.6951652e+001	
  1.6572860e+001	
  1.7019943e+001	
  1.7801627e+001	
  1.7325861e+001	
  1.6778069e+001	
  1.7150138e+001	
  1.8767801e+001	
  1.7504007e+001	
  1.7651160e+001	
  1.6228060e+001	
  1.6473427e+001	
  1.6154311e+001	
  1.6465480e+001	
  2.1731153e+001	
  2.2090437e+001	
  2.2207811e+001	
  2.1694778e+001	
  2.2455650e+001	
  2.2176423e+001	
  2.1649903e+001	
  2.1357555e+001	
  2.4006667e+001	
  2.2594373e+001	
  2.1658859e+001	
  2.1892178e+001	
  2.4695869e+001	
  2.2293581e+001	
  2.2159517e+001	
  2.4408810e+001	
  2.2508941e+001	
  2.2627048e+001	
  2.2602778e+001	
  2.2246777e+001	
  1.4032571e+001	
  1.3971186e+001	
  1.3958069e+001	
  1.3884371e+001	
  1.3986836e+001	
  1.4111959e+001	
  1.3979760e+001	
  1.3767766e+001	
  1.3881333e+001	
  1.3838836e+001	
  1.4360604e+001	
  1.4063620e+001	
  1.3777189e+001	
  1.4050224e+001	
  1.3982058e+001	
  1.4312618e+001	
  1.4351862e+001	
  1.4018646e+001	
  1.4512245e+001	
  1.4205451e+001	
  1.7860777e+001	
  1.6980733e+001	
  1.7076746e+001	
  1.7077643e+001	
  1.7654034e+001	
  1.7797866e+001	
  1.7448705e+001	
  1.7977556e+001	
  1.7730343e+001	
  1.6767141e+001	
  1.6839218e+001	
  1.5811665e+001	
  1.7038431e+001	
  1.7158729e+001	
  1.7277461e+001	
  1.6567186e+001	
  2.1367737e+001	
  1.6518130e+001	
  1.7990108e+001	
  1.6528688e+001	
  2.2234786e+001	
  2.1944349e+001	
  2.1387689e+001	
  2.1258900e+001	
  2.1395182e+001	
  2.1619927e+001	
  2.2461000e+001	
  2.3439698e+001	
  2.2063287e+001	
  2.2571666e+001	
  2.2991421e+001	
  2.2805707e+001	
  2.2866294e+001	
  2.2534159e+001	
  2.1886340e+001	
  2.1909312e+001	
  2.1990412e+001	
  2.1896426e+001	
  2.1949844e+001	
  2.1734964e+001	
  1.4057140e+001	
  1.3982941e+001	
  1.4106393e+001	
  1.3879474e+001	
  1.4205181e+001	
  1.4342492e+001	
  1.3764959e+001	
  1.4019715e+001	
  1.4013013e+001	
  1.3979914e+001	
  1.3952222e+001	
  1.3968984e+001	
  1.3952524e+001	
  1.4055962e+001	
  1.4243818e+001	
  1.3910417e+001	
  1.4031449e+001	
  1.3901689e+001	
  1.3927140e+001	
  1.3968155e+001	
  1.7584628e+001	
  1.6690563e+001	
  1.7439331e+001	
  1.6358824e+001	
  1.5739010e+001	
  1.7927618e+001	
  1.7516160e+001	
  1.8317673e+001	
  1.7746040e+001	
  1.8422984e+001	
  1.7687199e+001	
  1.7445819e+001	
  1.7168397e+001	
  1.8810336e+001	
  1.7451061e+001	
  1.8480379e+001	
  1.6200785e+001	
  1.7935060e+001	
  1.7884285e+001	
  1.7209458e+001	
  2.2123233e+001	
  2.1281348e+001	
  2.1595460e+001	
  2.1240969e+001	
  2.2161376e+001	
  2.1492911e+001	
  2.0792566e+001	
  2.2472769e+001	
  2.2065305e+001	
  2.2298996e+001	
  2.1898278e+001	
  2.2518038e+001	
  2.2772288e+001	
  2.2700029e+001	
  2.2691823e+001	
  2.1671473e+001	
  2.1611692e+001	
  2.1372389e+001	
  2.2121829e+001	
  2.1853658e+001	
